00bb9bbcca3d07b25f93957a20482bd9.jpg,0.457579,0.154262,0.424040
03b73a8eb171764df2a76a94c9462119.jpg,0.568513,0.247307,0.648570
05a491beded972b9ee7a17f390d68f54.jpg,0.095172,0.143940,0.748774
07_01_10_Desk_by_fediaFedia.jpg,0.257839,0.126390,0.811956
098521b410d68ae792367da65671f175.jpg,0.241221,0.601914,0.575730
0d46c981fc3581542deda26f80e740b1.jpg,0.567969,0.142314,0.503842
0d671372fbe874159e4e22b5eaa5f668.jpg,0.000000,0.000000,0.781703
0dc4f390f09da59ea19f63b16a23bf65.png,0.466819,0.406004,0.327316
10069_Screenshot_by_LALAax.jpg,0.353842,0.148428,0.434662
103a89a8e5bcb3f0a4761d41dfe26798.jpg,0.189221,0.806273,0.535762
10_Vongola_by_LALAax.jpg,0.166445,0.343249,0.426733
10_XS_by_LALAax.jpg,0.158443,0.232267,0.381339
10_Xanxus_x_Squalo_by_LALAax.jpg,0.100089,0.341468,0.459944
10d2a7f7bb95bd4576e36c12ba4d87a5.jpg,0.000000,0.000000,0.329879
11254_by_Udodelig.jpg,0.096929,0.214839,0.734401
11c48c922c36c4ad1a0cb5145ba4682b.jpg,0.054227,0.061354,0.929039
1346e8259dd545430094e82fb623bbab.png,0.323376,0.289714,0.460305
13a585028df38cde9f0e1203680f1d54.jpg,0.096105,0.427619,0.478807
15fa986c70804e85dcdc642ef5759ba1.jpg,0.371094,0.208811,0.547571
170ab64d6e026bd7cf4a3ac0cab85c2a.jpg,0.115238,0.149377,0.468016
189ceb9595dd31926b954245510e74f7.jpg,0.540120,0.226537,0.667705
1980_by_K1lgore.jpg,0.112925,0.556487,0.423663
2009_06_17_Desktop_by_fediaFedia.png,0.494623,0.570069,0.424069
2010_NYE_01_by_stereoflow.jpg,0.136653,0.316121,0.661658
2010_NYE_02_by_stereoflow.jpg,0.131597,0.326205,0.690514
22e83da8de9195c23500bd65364764de.jpg,0.000131,0.000020,0.480668
235492b79716e2a52f99c0b99d8ba59f.jpg,0.142226,0.105301,0.960095
283831d692d46448faa416e260eee9d3.jpg,0.000000,0.000000,0.299724
2911_by_zihnisinir.jpg,0.028376,0.015729,0.493683
2964_by_zihnisinir.jpg,0.536265,0.542776,0.654694
2983_by_zihnisinir.jpg,0.000000,0.000000,0.542042
29_10_09_by_fediaFedia.png,0.141557,0.330923,0.651525
29___May___2009_by_fediaFedia.png,0.205867,0.881074,0.246593
29c0e4e0cac17a949a304c52ecfb4c40.jpg,0.000000,0.000000,0.489328
2a705a3002713b6c12cd2bf4f65a8848.jpg,0.409419,0.285249,0.504668
2ad6cc96dea9e9e84b85a99c014a5578.jpg,0.098245,0.549425,0.560502
2c5ceda32bb876e7e748df4cddabd9ae.jpg,0.000000,0.000000,0.449381
2cbca3bed41b6f5f1e75e1ba65c1ce13.jpg,0.195160,0.775362,0.491291
2d888a3275345ad47c0a77df5a35e82b.jpg,0.410311,0.536698,0.610103
2ea5a978f35da70432693661db0d7068.jpg,0.000000,0.000000,154.409594
3027_by_zihnisinir.jpg,0.424182,0.375069,0.712123
3053_by_zihnisinir.jpg,0.005310,0.000223,0.379069
3096_by_zihnisinir.jpg,0.388719,0.188900,0.511466
3105_by_zihnisinir.jpg,0.114592,0.121838,0.524932
3108_by_zihnisinir.jpg,0.001555,0.000155,0.442186
3109_by_zihnisinir.jpg,0.000000,0.000000,0.418739
3114_by_zihnisinir.jpg,0.000714,0.000197,0.539733
3151b70bb1819d29d752c57c5e306088.jpg,0.548366,0.493391,0.533871
3273_by_zihnisinir.jpg,0.000321,0.000030,0.420065
3306_by_zihnisinir.jpg,0.001630,0.000161,0.398543
3309_by_zihnisinir.jpg,0.001759,0.000269,0.418394
3316_by_zihnisinir.jpg,0.390048,0.259239,0.470924
3330_by_zihnisinir.jpg,0.002146,0.000371,0.472494
3342de71528b54cc34aa2e34ad440bcb.jpg,0.092559,0.084688,0.848958
3370_by_zihnisinir.jpg,0.401432,0.436165,0.611048
3427_by_zihnisinir.jpg,0.000000,0.000000,0.515237
3430_by_zihnisinir.jpg,0.000000,0.000000,0.210546
3432_by_zihnisinir.jpg,0.000000,0.000000,0.524732
3444_by_zihnisinir.jpg,0.000000,0.000000,0.433370
3478_by_zihnisinir.jpg,0.002026,0.000221,0.416229
3481_by_zihnisinir.jpg,0.000000,0.000000,0.441382
3515_by_zihnisinir.jpg,0.000000,0.000000,0.474681
3523_by_zihnisinir.jpg,0.000918,0.000445,0.429807
3527_by_zihnisinir.jpg,0.097623,0.362093,0.577580
3558_by_zihnisinir.jpg,0.000000,0.000000,0.507419
3571_by_zihnisinir.jpg,0.000000,0.000000,0.455102
3577_by_zihnisinir.jpg,0.301462,0.423781,0.601769
3685_by_zihnisinir.jpg,0.000000,0.000000,0.411486
3735_by_zihnisinir.jpg,0.000727,0.000306,0.365126
3759_by_zihnisinir.jpg,0.000000,0.000000,0.534835
3777_by_zihnisinir.jpg,0.198913,0.095466,0.696791
3790_by_zihnisinir.jpg,0.108351,0.251239,0.305729
3949_by_zihnisinir.jpg,0.002824,0.000141,0.480529
3D_Design__Bar_Relief_Oarfish_by_Knuxtiger4.jpg,0.109071,0.634583,0.641670
3D_Design__Fake_Cake_by_Knuxtiger4.jpg,0.390902,0.208275,0.433500
3D_Design__Outdoor_Project_by_Knuxtiger4.jpg,0.289695,0.277873,0.451889
3D_Design__Rezo__s_Head_by_Knuxtiger4.jpg,0.362850,0.104168,0.431864
3D_Design__Scale_Dog_Project_by_Knuxtiger4.jpg,0.107914,0.787358,0.549064
3D_Design__Scale_House_Project_by_Knuxtiger4.jpg,0.104832,0.717055,0.507464
3D_Design__Stryofoam_Dragon_by_Knuxtiger4.jpg,0.290194,0.076096,0.480016
3D_Design__Tribal_Wood_Shoes_by_Knuxtiger4.jpg,0.307396,0.204998,0.473894
400_by_Pierrebfoto.jpg,0.000000,0.000000,0.477606
4039_by_zihnisinir.jpg,0.000000,0.000000,0.229859
4057_by_zihnisinir.jpg,0.000000,0.000000,0.451499
4063_by_zihnisinir.jpg,0.417762,0.378760,0.491281
42708b17db0af0f007faf27fbcce1e73.jpg,0.263982,0.080012,0.804580
436107c9acd6c88dec8011ec4b8f0fd4.jpg,0.126248,0.122665,0.617464
4382461ceabdea19206c2e7fd83414fd.jpg,0.199852,0.193771,0.681149
43a19614516e6315cd8804e3604d84f8.jpg,0.124443,0.114337,0.774482
43a6302d5e37781a4d659948a964e478.jpg,0.567818,0.419956,0.752544
4422c28b27e45389671372f4e1e8effe.jpg,0.199836,0.016921,0.898458
465e0921a48c96eeddb2bede6dd271ae.jpg,0.000000,0.000000,0.567968
4b927d6da5b74c5c168964d580b4a29a.jpg,0.330569,0.156364,0.723045
53aac972a9e00ca42b1f3875022078ff.jpg,0.108605,0.085734,0.454829
5603724ae50fcd0e106dcaf613cd76df.jpg,0.000000,0.000000,0.563005
5844f1d351e1fe2b50766708d85c9849.jpg,0.077190,0.093714,0.955246
5_0_by_K1lgore.jpg,0.063361,0.014805,0.927216
5dacbace548330bef028f66fa09595f3.jpg,0.333879,0.467767,0.434658
5f9c31744bac4a41d90ed9861a676cb6.jpg,0.138983,0.038498,0.825050
62222cef84db8afd1ae22a0bfe2e2d87.jpg,0.477862,0.493448,0.220158
6d3515b5c51ad6171a687f274f8508b6.jpg,0.591011,0.116903,0.786397
